9781789136326
9781787284951
9781789534757
9781788624350
9781788994460
9781789617740
9781788996167
9781789348019
9781788833349
9781789619638
9781789612011
9781789346480
9781788993708
9781788623445
9781789132359
9781789535549
9781788397643
9781788991612
9781789139624
9781789343717
9781788831864
9781788477321
9781788298599
9781789342093
9781789619478
9781789534603
9781789135794
9781789532555
9781789612899
9781788991445
9781789539974
9781789538830
9781789343533
9781789612714
9781789342253
9781789537864
9781788471152
9781789136241
9781788993487
9781789346794
9781789534498
9781788995238
9781788830584
9781789535754
9781788992510
9781789532937
9781789612158
9781788838689
9781789344493
9781788470414
9781789612998
9781788627900
9781788625449
9781789137613
9781789342383
9781789800616
9781789133806
9781789619270
9781789531732
9781789348293
9781788470711
9781788479745
9781788997379
9781789343441
9781789135503
9781789341799
9781788833288
9781789344189
9781788991513
9781789340365
9781788471909
9781788830829
9781788995511
9781789531701
9781789537550
9781789538250
9781789343250
9781789611557
9781789342055
9781789131895
9781789131680
9781788992992
9781788392495
9781788837484
9781789138399
9781789804744
9781788626866
9781789537123
9781789133998
9781788831307
9781789137958
9781789536133
9781788628884
9781788627252
9781787280540
9781788620796
9781788837361
9781789130966
9781788479509
9781789137408
9781783980727
9781789611151
9781789538915
9781788997058
9781789343328
9781789347999
9781789537000
9781788835442
9781788624060
9781788626507
9781789345575
9781788835831
9781789347562
9781789130485
9781788839150
9781789531756
9781789134612
9781789135992
9781789614824
9781788626170
9781789130331
9781789348606
9781789347463
9781789340471
9781788995399
9781788992893
9781788999045
9781788830621
9781788995788
9781788623223
9781788993494
9781788624145
9781788995092